20000 +440E-03
21000 +440E-03
22000 +480E-03
23000 +520E-03
24000 +520E-03
25000 +560E-03
26000 +560E-03
27000 +600E-03
28000 +600E-03
29000 +600E-03
30000 +640E-03
31000 +680E-03
32000 +680E-03
33000 +680E-03
34000 +760E-03
35000 +760E-03
36000 +760E-03
37000 +800E-03
38000 +800E-03
39000 +840E-03
40000 +840E-03
41000 +880E-03
42000 +920E-03
43000 +920E-03
44000 +920E-03
45000 +920E-03
46000 +1.01E+00
47000 +1.01E+00
48000 +1.01E+00
49000 +1.05E+00
50000 +1.09E+00
51000 +1.09E+00
52000 +1.09E+00
53000 +1.13E+00
54000 +1.17E+00
55000 +1.17E+00
56000 +1.17E+00
57000 +1.25E+00
58000 +1.25E+00
59000 +1.25E+00
60000 +1.29E+00
61000 +1.33E+00
62000 +1.33E+00
63000 +1.37E+00
64000 +1.41E+00
65000 +1.41E+00
66000 +1.41E+00
67000 +1.45E+00
68000 +1.49E+00
69000 +1.53E+00
70000 +1.53E+00
71000 +1.57E+00
72000 +1.57E+00
73000 +1.61E+00
74000 +1.65E+00
75000 +1.65E+00
76000 +1.65E+00
77000 +1.73E+00
78000 +1.73E+00
79000 +1.73E+00
80000 +1.81E+00
81000 +1.81E+00
82000 +1.81E+00
83000 +1.89E+00
84000 +1.89E+00
85000 +1.89E+00
86000 +1.97E+00
87000 +1.97E+00
88000 +1.97E+00
89000 +2.05E+00
90000 +2.05E+00
91000 +2.09E+00
92000 +2.13E+00
93000 +2.13E+00
94000 +2.21E+00
95000 +2.21E+00
96000 +2.21E+00
97000 +2.29E+00
98000 +2.29E+00
99000 +2.37E+00
100000 +2.37E+00
101000 +2.37E+00
102000 +2.45E+00
103000 +2.45E+00
104000 +2.49E+00
105000 +2.53E+00
106000 +2.57E+00
107000 +2.61E+00
108000 +2.61E+00
109000 +2.69E+00
110000 +2.69E+00
111000 +2.77E+00
112000 +2.77E+00
113000 +2.81E+00
114000 +2.85E+00
115000 +2.85E+00
116000 +2.93E+00
117000 +2.97E+00
118000 +3.02E+00
119000 +3.02E+00
120000 +3.10E+00
121000 +3.10E+00
122000 +3.18E+00
123000 +3.18E+00
124000 +3.26E+00
125000 +3.26E+00
126000 +3.34E+00
127000 +3.34E+00
128000 +3.42E+00
129000 +3.42E+00
130000 +3.50E+00
131000 +3.54E+00
132000 +3.58E+00
133000 +3.66E+00
134000 +3.66E+00
135000 +3.74E+00
136000 +3.78E+00
137000 +3.82E+00
138000 +3.90E+00
139000 +3.94E+00
140000 +3.98E+00
141000 +4.06E+00
142000 +4.06E+00
143000 +4.14E+00
144000 +4.18E+00
145000 +4.22E+00
146000 +4.30E+00
147000 +4.30E+00
148000 +4.38E+00
149000 +4.46E+00
150000 +4.54E+00
151000 +4.58E+00
152000 +4.62E+00
153000 +4.70E+00
154000 +4.78E+00
155000 +4.78E+00
156000 +4.86E+00
157000 +4.94E+00
158000 +5.03E+00
159000 +5.03E+00
160000 +5.11E+00
161000 +5.19E+00
162000 +5.27E+00
163000 +5.35E+00
164000 +5.39E+00
165000 +5.43E+00
166000 +5.51E+00
167000 +5.59E+00
168000 +5.67E+00
169000 +5.75E+00
170000 +5.83E+00
171000 +5.87E+00
172000 +5.95E+00
173000 +6.03E+00
174000 +6.07E+00
175000 +6.15E+00
176000 +6.23E+00
177000 +6.31E+00
178000 +6.39E+00
179000 +6.47E+00
180000 +6.55E+00
181000 +6.63E+00
182000 +6.71E+00
183000 +6.79E+00
184000 +6.87E+00
185000 +6.91E+00
186000 +6.99E+00
187000 +7.08E+00
188000 +7.16E+00
189000 +7.24E+00
190000 +7.32E+00
191000 +7.40E+00
192000 +7.44E+00
193000 +7.52E+00
194000 +7.64E+00
195000 +7.68E+00
196000 +7.72E+00
197000 +7.80E+00
198000 +7.88E+00
199000 +7.96E+00
200000 +8.04E+00
201000 +8.04E+00
202000 +8.12E+00
203000 +8.20E+00
204000 +8.28E+00
205000 +8.28E+00
206000 +8.36E+00
207000 +8.44E+00
208000 +8.44E+00
209000 +8.52E+00
210000 +8.56E+00
211000 +8.60E+00
212000 +8.60E+00
213000 +8.68E+00
214000 +8.68E+00
215000 +8.76E+00
216000 +8.76E+00
217000 +8.80E+00
218000 +8.84E+00
219000 +8.84E+00
220000 +8.84E+00
221000 +8.88E+00
222000 +8.88E+00
223000 +8.88E+00
224000 +8.88E+00
225000 +8.92E+00
226000 +8.92E+00
227000 +8.92E+00
228000 +8.92E+00
229000 +8.88E+00
230000 +8.88E+00
231000 +8.84E+00
232000 +8.84E+00
233000 +8.84E+00
234000 +8.84E+00
235000 +8.80E+00
236000 +8.76E+00
237000 +8.76E+00
238000 +8.72E+00
239000 +8.68E+00
240000 +8.64E+00
241000 +8.60E+00
242000 +8.60E+00
243000 +8.52E+00
244000 +8.52E+00
245000 +8.44E+00
246000 +8.44E+00
247000 +8.36E+00
248000 +8.32E+00
249000 +8.28E+00
250000 +8.24E+00
251000 +8.20E+00
252000 +8.12E+00
253000 +8.12E+00
254000 +8.04E+00
255000 +8.00E+00
256000 +7.96E+00
257000 +7.88E+00
258000 +7.88E+00
259000 +7.80E+00
260000 +7.72E+00
261000 +7.72E+00
262000 +7.64E+00
263000 +7.56E+00
264000 +7.56E+00
265000 +7.48E+00
266000 +7.44E+00
267000 +7.40E+00
268000 +7.32E+00
269000 +7.28E+00
270000 +7.24E+00
271000 +7.16E+00
272000 +7.16E+00
273000 +7.08E+00
274000 +7.04E+00
275000 +6.99E+00
276000 +6.91E+00
277000 +6.87E+00
278000 +6.83E+00
279000 +6.79E+00
280000 +6.71E+00
281000 +6.67E+00
282000 +6.63E+00
283000 +6.59E+00
284000 +6.55E+00
285000 +6.47E+00
286000 +6.43E+00
287000 +6.39E+00
288000 +6.35E+00
289000 +6.31E+00
290000 +6.27E+00
291000 +6.23E+00
292000 +6.19E+00
293000 +6.11E+00
294000 +6.07E+00
295000 +6.03E+00
296000 +5.99E+00
297000 +5.95E+00
298000 +5.91E+00
299000 +5.87E+00
300000 +5.83E+00
301000 +5.83E+00
302000 +5.75E+00
303000 +5.71E+00
304000 +5.67E+00
305000 +5.67E+00
306000 +5.59E+00
307000 +5.59E+00
308000 +5.55E+00
309000 +5.51E+00
310000 +5.43E+00
311000 +5.43E+00
312000 +5.39E+00
313000 +5.35E+00
314000 +5.31E+00
315000 +5.27E+00
316000 +5.27E+00
317000 +5.19E+00
318000 +5.19E+00
319000 +5.15E+00
320000 +5.11E+00
321000 +5.11E+00
322000 +5.07E+00
323000 +5.03E+00
324000 +5.03E+00
325000 +4.98E+00
326000 +4.94E+00
327000 +4.90E+00
328000 +4.86E+00
329000 +4.86E+00
330000 +4.82E+00
331000 +4.78E+00
332000 +4.74E+00
333000 +4.74E+00
334000 +4.70E+00
335000 +4.66E+00
336000 +4.66E+00
337000 +4.62E+00
338000 +4.58E+00
339000 +4.58E+00
340000 +4.54E+00
341000 +4.54E+00
342000 +4.50E+00
343000 +4.46E+00
344000 +4.46E+00
345000 +4.42E+00
346000 +4.38E+00
347000 +4.38E+00
348000 +4.38E+00
349000 +4.34E+00
350000 +4.30E+00
351000 +4.30E+00
352000 +4.26E+00
353000 +4.22E+00
354000 +4.22E+00
355000 +4.18E+00
356000 +4.14E+00
357000 +4.14E+00
358000 +4.14E+00
359000 +4.14E+00
360000 +4.06E+00
361000 +4.06E+00
362000 +4.06E+00
363000 +4.06E+00
364000 +3.98E+00
365000 +3.98E+00
366000 +3.98E+00
367000 +3.98E+00
368000 +3.94E+00
369000 +3.90E+00
370000 +3.90E+00
371000 +3.86E+00
372000 +3.86E+00
373000 +3.82E+00
374000 +3.82E+00
375000 +3.82E+00
376000 +3.82E+00
377000 +3.74E+00
378000 +3.74E+00
379000 +3.74E+00
380000 +3.74E+00
381000 +3.70E+00
382000 +3.70E+00
383000 +3.66E+00
384000 +3.66E+00
385000 +3.66E+00
386000 +3.62E+00
387000 +3.58E+00
388000 +3.58E+00
389000 +3.58E+00
390000 +3.58E+00
391000 +3.58E+00
392000 +3.54E+00
393000 +3.50E+00
394000 +3.50E+00
395000 +3.50E+00
396000 +3.46E+00
397000 +3.46E+00
398000 +3.42E+00
399000 +3.42E+00
400000 +3.42E+00
401000 +3.42E+00
402000 +3.38E+00
403000 +3.34E+00
404000 +3.34E+00
405000 +3.34E+00
406000 +3.34E+00
407000 +3.34E+00
408000 +3.34E+00
409000 +3.30E+00
410000 +3.26E+00
411000 +3.26E+00
412000 +3.26E+00
413000 +3.26E+00
414000 +3.26E+00
415000 +3.22E+00
416000 +3.22E+00
417000 +3.18E+00
418000 +3.18E+00
419000 +3.18E+00
420000 +3.18E+00
421000 +3.18E+00
422000 +3.14E+00
423000 +3.14E+00
424000 +3.10E+00
425000 +3.10E+00
426000 +3.10E+00
427000 +3.10E+00
428000 +3.06E+00
429000 +3.06E+00
430000 +3.02E+00
431000 +3.02E+00
432000 +3.02E+00
433000 +3.02E+00
434000 +3.02E+00
435000 +3.02E+00
436000 +3.02E+00
437000 +2.97E+00
438000 +2.93E+00
439000 +2.93E+00
440000 +2.93E+00
441000 +2.93E+00
442000 +2.93E+00
443000 +2.93E+00
444000 +2.93E+00
445000 +2.85E+00
446000 +2.85E+00
447000 +2.85E+00
448000 +2.85E+00
449000 +2.85E+00
450000 +2.85E+00
451000 +2.85E+00
452000 +2.85E+00
453000 +2.81E+00
454000 +2.77E+00
455000 +2.77E+00
456000 +2.77E+00
457000 +2.77E+00
458000 +2.77E+00
459000 +2.77E+00
460000 +2.77E+00
461000 +2.73E+00
462000 +2.73E+00
463000 +2.69E+00
464000 +2.69E+00
465000 +2.69E+00
466000 +2.69E+00
467000 +2.69E+00
468000 +2.69E+00
469000 +2.69E+00
470000 +2.69E+00
471000 +2.69E+00
472000 +2.65E+00
473000 +2.61E+00
474000 +2.61E+00
475000 +2.61E+00
476000 +2.61E+00
477000 +2.61E+00
478000 +2.61E+00
479000 +2.61E+00
480000 +2.61E+00
481000 +2.61E+00
482000 +2.57E+00
483000 +2.57E+00
484000 +2.53E+00
485000 +2.53E+00
486000 +2.53E+00
487000 +2.53E+00
488000 +2.53E+00
489000 +2.53E+00
490000 +2.53E+00
491000 +2.53E+00
492000 +2.53E+00
493000 +2.53E+00
494000 +2.45E+00
495000 +2.45E+00
496000 +2.45E+00
497000 +2.45E+00
498000 +2.45E+00
499000 +2.45E+00
500000 +2.45E+00
501000 +2.45E+00
502000 +2.45E+00
503000 +2.45E+00
504000 +2.45E+00
505000 +2.41E+00
506000 +2.37E+00
507000 +2.37E+00
508000 +2.37E+00
509000 +2.37E+00
510000 +2.37E+00
511000 +2.37E+00
512000 +2.37E+00
513000 +2.37E+00
514000 +2.37E+00
515000 +2.37E+00
516000 +2.37E+00
517000 +2.37E+00
518000 +2.37E+00
519000 +2.29E+00
520000 +2.29E+00
521000 +2.29E+00
522000 +2.29E+00
523000 +2.29E+00
524000 +2.29E+00
525000 +2.29E+00
526000 +2.29E+00
527000 +2.29E+00
528000 +2.29E+00
529000 +2.29E+00
530000 +2.29E+00
531000 +2.21E+00
532000 +2.21E+00
533000 +2.25E+00
534000 +2.21E+00
535000 +2.21E+00
536000 +2.21E+00
537000 +2.21E+00
538000 +2.21E+00
539000 +2.21E+00
540000 +2.21E+00
541000 +2.21E+00
542000 +2.21E+00
543000 +2.21E+00
544000 +2.21E+00
545000 +2.21E+00
546000 +2.21E+00
547000 +2.17E+00
548000 +2.13E+00
549000 +2.17E+00
550000 +2.13E+00
551000 +2.13E+00
552000 +2.13E+00
553000 +2.13E+00
554000 +2.13E+00
555000 +2.13E+00
556000 +2.13E+00
557000 +2.13E+00
558000 +2.13E+00
559000 +2.13E+00
560000 +2.13E+00
561000 +2.13E+00
562000 +2.09E+00
563000 +2.09E+00
564000 +2.05E+00
565000 +2.05E+00
566000 +2.05E+00
567000 +2.05E+00
568000 +2.05E+00
569000 +2.05E+00
570000 +2.05E+00
571000 +2.05E+00
572000 +2.05E+00
573000 +2.05E+00
574000 +2.05E+00
575000 +2.05E+00
576000 +2.05E+00
577000 +2.05E+00
578000 +2.05E+00
579000 +2.05E+00
580000 +2.05E+00
581000 +1.97E+00
582000 +1.97E+00
583000 +1.97E+00
584000 +1.97E+00
585000 +1.97E+00
586000 +1.97E+00
587000 +1.97E+00
588000 +1.97E+00
589000 +1.97E+00
590000 +1.97E+00
591000 +1.97E+00
592000 +1.97E+00
593000 +1.97E+00
594000 +1.97E+00
595000 +1.97E+00
596000 +1.97E+00
597000 +1.97E+00
598000 +1.97E+00
599000 +1.97E+00
600000 +1.97E+00
601000 +1.89E+00
602000 +1.89E+00
603000 +1.89E+00
604000 +1.89E+00
605000 +1.89E+00
606000 +1.89E+00
607000 +1.89E+00
608000 +1.89E+00
609000 +1.89E+00
610000 +1.89E+00
611000 +1.89E+00
612000 +1.89E+00
613000 +1.89E+00
614000 +1.89E+00
615000 +1.89E+00
616000 +1.89E+00
617000 +1.89E+00
618000 +1.89E+00
619000 +1.89E+00
620000 +1.85E+00
621000 +1.81E+00
622000 +1.81E+00
623000 +1.81E+00
624000 +1.81E+00
625000 +1.81E+00
626000 +1.81E+00
627000 +1.81E+00
628000 +1.81E+00
629000 +1.81E+00
630000 +1.81E+00
631000 +1.81E+00
632000 +1.81E+00
633000 +1.81E+00
634000 +1.81E+00
635000 +1.81E+00
636000 +1.81E+00
637000 +1.81E+00
638000 +1.81E+00
639000 +1.81E+00
640000 +1.81E+00
641000 +1.81E+00
642000 +1.81E+00
643000 +1.77E+00
644000 +1.77E+00
645000 +1.73E+00
646000 +1.73E+00
647000 +1.77E+00
648000 +1.73E+00
649000 +1.73E+00
650000 +1.73E+00
651000 +1.73E+00
652000 +1.73E+00
653000 +1.73E+00
654000 +1.73E+00
655000 +1.73E+00
656000 +1.73E+00
657000 +1.73E+00
658000 +1.73E+00
659000 +1.73E+00
660000 +1.73E+00
661000 +1.73E+00
662000 +1.73E+00
663000 +1.73E+00
664000 +1.73E+00
665000 +1.73E+00
666000 +1.73E+00
667000 +1.73E+00
668000 +1.69E+00
669000 +1.73E+00
670000 +1.69E+00
671000 +1.69E+00
672000 +1.65E+00
673000 +1.65E+00
674000 +1.65E+00
675000 +1.65E+00
676000 +1.65E+00
677000 +1.65E+00
678000 +1.65E+00
679000 +1.65E+00
680000 +1.65E+00
681000 +1.65E+00
682000 +1.65E+00
683000 +1.65E+00
684000 +1.65E+00
685000 +1.65E+00
686000 +1.65E+00
687000 +1.65E+00
688000 +1.65E+00
689000 +1.65E+00
690000 +1.65E+00
691000 +1.65E+00
692000 +1.65E+00
693000 +1.65E+00
694000 +1.65E+00
695000 +1.61E+00
696000 +1.65E+00
697000 +1.61E+00
698000 +1.61E+00
699000 +1.61E+00
700000 +1.61E+00
701000 +1.57E+00
702000 +1.61E+00
703000 +1.57E+00
704000 +1.57E+00
705000 +1.57E+00
706000 +1.57E+00
707000 +1.57E+00
708000 +1.57E+00
709000 +1.57E+00
710000 +1.57E+00
711000 +1.57E+00
712000 +1.57E+00
713000 +1.57E+00
714000 +1.57E+00
715000 +1.57E+00
716000 +1.57E+00
717000 +1.57E+00
718000 +1.57E+00
719000 +1.57E+00
720000 +1.57E+00
721000 +1.57E+00
722000 +1.57E+00
723000 +1.57E+00
724000 +1.57E+00
725000 +1.57E+00
726000 +1.57E+00
727000 +1.49E+00
728000 +1.53E+00
729000 +1.57E+00
730000 +1.53E+00
731000 +1.53E+00
732000 +1.49E+00
733000 +1.49E+00
734000 +1.49E+00
735000 +1.49E+00
736000 +1.49E+00
737000 +1.49E+00
738000 +1.49E+00
739000 +1.49E+00
740000 +1.49E+00
741000 +1.49E+00
742000 +1.49E+00
743000 +1.49E+00
744000 +1.49E+00
745000 +1.49E+00
746000 +1.49E+00
747000 +1.49E+00
748000 +1.49E+00
749000 +1.49E+00
750000 +1.49E+00
751000 +1.49E+00
752000 +1.49E+00
753000 +1.49E+00
754000 +1.49E+00
755000 +1.49E+00
756000 +1.49E+00
757000 +1.49E+00
758000 +1.49E+00
759000 +1.49E+00
760000 +1.49E+00
761000 +1.45E+00
762000 +1.41E+00
763000 +1.45E+00
764000 +1.49E+00
765000 +1.49E+00
766000 +1.41E+00
767000 +1.41E+00
768000 +1.41E+00
769000 +1.41E+00
770000 +1.41E+00
771000 +1.41E+00
772000 +1.41E+00
773000 +1.41E+00
774000 +1.41E+00
775000 +1.41E+00
776000 +1.41E+00
777000 +1.41E+00
778000 +1.41E+00
779000 +1.41E+00
780000 +1.41E+00
781000 +1.41E+00
782000 +1.41E+00
783000 +1.41E+00
784000 +1.41E+00
785000 +1.41E+00
786000 +1.41E+00
787000 +1.41E+00
788000 +1.41E+00
789000 +1.41E+00
790000 +1.41E+00
791000 +1.41E+00
792000 +1.41E+00
793000 +1.41E+00
794000 +1.41E+00
795000 +1.41E+00
796000 +1.41E+00
797000 +1.41E+00
798000 +1.41E+00
799000 +1.41E+00
800000 +1.37E+00
801000 +1.37E+00
802000 +1.41E+00
803000 +1.37E+00
804000 +1.33E+00
805000 +1.37E+00
806000 +1.33E+00
807000 +1.33E+00
808000 +1.33E+00
809000 +1.33E+00
810000 +1.33E+00
811000 +1.33E+00
812000 +1.33E+00
813000 +1.33E+00
814000 +1.33E+00
815000 +1.33E+00
816000 +1.33E+00
817000 +1.33E+00
818000 +1.33E+00
819000 +1.33E+00
820000 +1.33E+00
821000 +1.33E+00
822000 +1.33E+00
823000 +1.33E+00
824000 +1.33E+00
825000 +1.33E+00
826000 +1.33E+00
827000 +1.33E+00
828000 +1.33E+00
829000 +1.33E+00
830000 +1.33E+00
831000 +1.33E+00
832000 +1.33E+00
833000 +1.33E+00
834000 +1.33E+00
835000 +1.33E+00
836000 +1.33E+00
837000 +1.33E+00
838000 +1.33E+00
839000 +1.33E+00
840000 +1.33E+00
841000 +1.29E+00
842000 +1.33E+00
843000 +1.33E+00
844000 +1.29E+00
845000 +1.33E+00
846000 +1.33E+00
847000 +1.29E+00
848000 +1.29E+00
849000 +1.33E+00
850000 +1.25E+00
851000 +1.25E+00
852000 +1.25E+00
853000 +1.25E+00
854000 +1.25E+00
855000 +1.25E+00
856000 +1.25E+00
857000 +1.25E+00
858000 +1.25E+00
859000 +1.25E+00
860000 +1.25E+00
861000 +1.25E+00
862000 +1.25E+00
863000 +1.25E+00
864000 +1.25E+00
865000 +1.25E+00
866000 +1.25E+00
867000 +1.25E+00
868000 +1.25E+00
869000 +1.25E+00
870000 +1.25E+00
871000 +1.25E+00
872000 +1.25E+00
873000 +1.25E+00
874000 +1.25E+00
875000 +1.25E+00
876000 +1.25E+00
877000 +1.25E+00
878000 +1.25E+00
879000 +1.25E+00
880000 +1.25E+00
881000 +1.25E+00
882000 +1.25E+00
883000 +1.25E+00
884000 +1.25E+00
885000 +1.25E+00
886000 +1.25E+00
887000 +1.25E+00
888000 +1.21E+00
889000 +1.25E+00
890000 +1.25E+00
891000 +1.25E+00
892000 +1.25E+00
893000 +1.25E+00
894000 +1.21E+00
895000 +1.21E+00
896000 +1.21E+00
897000 +1.21E+00
898000 +1.21E+00
899000 +1.21E+00
900000 +1.17E+00
901000 +1.21E+00
902000 +1.21E+00
903000 +1.17E+00
904000 +1.17E+00
905000 +1.21E+00
906000 +1.17E+00
907000 +1.17E+00
908000 +1.17E+00
909000 +1.21E+00
910000 +1.17E+00
911000 +1.17E+00
912000 +1.17E+00
913000 +1.17E+00
914000 +1.17E+00
915000 +1.17E+00
916000 +1.17E+00
917000 +1.17E+00
918000 +1.17E+00
919000 +1.17E+00
920000 +1.17E+00
921000 +1.17E+00
922000 +1.17E+00
923000 +1.17E+00
924000 +1.17E+00
925000 +1.17E+00
926000 +1.17E+00
927000 +1.17E+00
928000 +1.17E+00
929000 +1.17E+00
930000 +1.17E+00
931000 +1.17E+00
932000 +1.17E+00
933000 +1.17E+00
934000 +1.17E+00
935000 +1.17E+00
936000 +1.17E+00
937000 +1.17E+00
938000 +1.17E+00
939000 +1.17E+00
940000 +1.17E+00
941000 +1.17E+00
942000 +1.17E+00
943000 +1.17E+00
944000 +1.17E+00
945000 +1.17E+00
946000 +1.17E+00
947000 +1.17E+00
948000 +1.17E+00
949000 +1.17E+00
950000 +1.17E+00
951000 +1.17E+00
952000 +1.17E+00
953000 +1.17E+00
954000 +1.13E+00
955000 +1.13E+00
956000 +1.13E+00
957000 +1.17E+00
958000 +1.13E+00
959000 +1.09E+00
960000 +1.09E+00
961000 +1.09E+00
962000 +1.09E+00
963000 +1.09E+00
964000 +1.09E+00
965000 +1.09E+00
966000 +1.09E+00
967000 +1.13E+00
968000 +1.09E+00
969000 +1.09E+00
970000 +1.09E+00
971000 +1.09E+00
972000 +1.09E+00
973000 +1.09E+00
974000 +1.09E+00
975000 +1.09E+00
976000 +1.09E+00
977000 +1.09E+00
978000 +1.09E+00
979000 +1.09E+00
980000 +1.09E+00
981000 +1.09E+00
982000 +1.09E+00
983000 +1.09E+00
984000 +1.09E+00
985000 +1.09E+00
986000 +1.09E+00
987000 +1.09E+00
988000 +1.09E+00
989000 +1.09E+00
990000 +1.09E+00
991000 +1.09E+00
992000 +1.09E+00
993000 +1.09E+00
994000 +1.09E+00
995000 +1.09E+00
996000 +1.09E+00
997000 +1.09E+00
998000 +1.09E+00
999000 +1.09E+00
1000000 +1.09E+00
1001000 +1.09E+00
1002000 +1.09E+00
1003000 +1.09E+00
1004000 +1.09E+00
1005000 +1.09E+00
1006000 +1.09E+00
1007000 +1.09E+00
1008000 +1.09E+00
1009000 +1.09E+00
1010000 +1.09E+00
1011000 +1.09E+00
1012000 +1.09E+00
1013000 +1.09E+00
1014000 +1.09E+00
1015000 +1.09E+00
1016000 +1.09E+00
1017000 +1.09E+00
1018000 +1.09E+00
1019000 +1.09E+00
1020000 +1.09E+00
1021000 +1.09E+00
1022000 +1.09E+00
1023000 +1.09E+00
1024000 +1.01E+00
1025000 +1.09E+00
1026000 +1.01E+00
1027000 +1.05E+00
1028000 +1.09E+00
1029000 +1.01E+00
1030000 +1.05E+00
1031000 +1.05E+00
1032000 +1.01E+00
1033000 +1.01E+00
1034000 +1.01E+00
1035000 +1.01E+00
1036000 +1.01E+00
1037000 +1.01E+00
1038000 +1.01E+00
1039000 +1.05E+00
1040000 +1.01E+00
1041000 +1.01E+00
1042000 +1.01E+00
1043000 +1.01E+00
1044000 +1.01E+00
1045000 +1.01E+00
1046000 +1.01E+00
1047000 +1.01E+00
1048000 +1.01E+00
1049000 +1.01E+00
1050000 +1.01E+00
1051000 +1.01E+00
1052000 +1.01E+00
1053000 +1.01E+00
1054000 +1.01E+00
1055000 +1.01E+00
1056000 +1.01E+00
1057000 +1.01E+00
1058000 +1.01E+00
1059000 +1.01E+00
1060000 +1.01E+00
1061000 +1.01E+00
1062000 +1.01E+00
1063000 +1.01E+00
1064000 +1.01E+00
1065000 +1.01E+00
1066000 +1.01E+00
1067000 +1.01E+00
1068000 +1.01E+00
1069000 +1.01E+00
1070000 +1.01E+00
1071000 +1.01E+00
1072000 +1.01E+00
1073000 +1.01E+00
1074000 +1.01E+00
1075000 +1.01E+00
1076000 +1.01E+00
1077000 +1.01E+00
1078000 +1.01E+00
1079000 +1.01E+00
1080000 +1.01E+00
1081000 +1.01E+00
1082000 +1.01E+00
1083000 +1.01E+00
1084000 +1.01E+00
1085000 +1.01E+00
1086000 +1.01E+00
1087000 +1.01E+00
1088000 +1.01E+00
1089000 +1.01E+00
1090000 +1.01E+00
1091000 +1.01E+00
1092000 +1.01E+00
1093000 +1.01E+00
1094000 +1.01E+00
1095000 +1.01E+00
1096000 +1.01E+00
1097000 +1.01E+00
1098000 +1.01E+00
1099000 +1.01E+00
1100000 +1.01E+00
1101000 +1.01E+00
1102000 +1.01E+00
1103000 +960E-03
1104000 +1.01E+00
1105000 +1.01E+00
1106000 +920E-03
1107000 +960E-03
1108000 +960E-03
1109000 +920E-03
1110000 +960E-03
1111000 +920E-03
1112000 +920E-03
1113000 +920E-03
1114000 +960E-03
1115000 +920E-03
1116000 +920E-03
1117000 +920E-03
1118000 +920E-03
1119000 +960E-03
1120000 +920E-03
1121000 +920E-03
1122000 +920E-03
1123000 +920E-03
1124000 +920E-03
1125000 +920E-03
1126000 +920E-03
1127000 +920E-03
1128000 +920E-03
1129000 +920E-03
1130000 +920E-03
1131000 +920E-03
1132000 +920E-03
1133000 +920E-03
1134000 +920E-03
1135000 +920E-03
1136000 +920E-03
1137000 +920E-03
1138000 +920E-03
1139000 +920E-03
1140000 +920E-03
1141000 +920E-03
1142000 +920E-03
1143000 +920E-03
1144000 +920E-03
1145000 +920E-03
1146000 +920E-03
1147000 +920E-03
1148000 +920E-03
1149000 +920E-03
1150000 +920E-03
1151000 +920E-03
1152000 +920E-03
1153000 +920E-03
1154000 +920E-03
1155000 +920E-03
1156000 +920E-03
1157000 +920E-03
1158000 +920E-03
1159000 +920E-03
1160000 +920E-03
1161000 +920E-03
1162000 +920E-03
1163000 +920E-03
1164000 +920E-03
1165000 +920E-03
1166000 +920E-03
1167000 +920E-03
1168000 +920E-03
1169000 +920E-03
1170000 +920E-03
1171000 +920E-03
1172000 +920E-03
1173000 +920E-03
1174000 +920E-03
1175000 +920E-03
1176000 +920E-03
1177000 +920E-03
1178000 +920E-03
1179000 +920E-03
1180000 +920E-03
1181000 +920E-03
1182000 +920E-03
1183000 +920E-03
1184000 +920E-03
1185000 +920E-03
1186000 +920E-03
1187000 +920E-03
1188000 +920E-03
1189000 +920E-03
1190000 +920E-03
1191000 +920E-03
1192000 +920E-03
1193000 +920E-03
1194000 +920E-03
1195000 +920E-03
1196000 +920E-03
1197000 +920E-03
1198000 +880E-03
1199000 +920E-03
1200000 +880E-03
1201000 +920E-03
1202000 +920E-03
1203000 +880E-03
1204000 +880E-03
1205000 +880E-03
1206000 +920E-03
1207000 +880E-03
1208000 +880E-03
1209000 +880E-03
1210000 +880E-03
1211000 +880E-03
1212000 +880E-03
1213000 +840E-03
1214000 +880E-03
1215000 +840E-03
1216000 +880E-03
1217000 +840E-03
1218000 +880E-03
1219000 +880E-03
1220000 +840E-03
1221000 +840E-03
1222000 +840E-03
1223000 +840E-03
1224000 +840E-03
1225000 +840E-03
1226000 +840E-03
1227000 +840E-03
1228000 +880E-03
1229000 +840E-03
1230000 +840E-03
1231000 +840E-03
1232000 +840E-03
1233000 +840E-03
1234000 +840E-03
1235000 +840E-03
1236000 +840E-03
1237000 +840E-03
1238000 +840E-03
1239000 +840E-03
1240000 +840E-03
1241000 +840E-03
1242000 +840E-03
1243000 +840E-03
1244000 +840E-03
1245000 +840E-03
1246000 +840E-03
1247000 +840E-03
1248000 +840E-03
1249000 +840E-03
1250000 +840E-03
1251000 +840E-03
1252000 +840E-03
1253000 +840E-03
1254000 +840E-03
1255000 +840E-03
1256000 +840E-03
1257000 +840E-03
1258000 +840E-03
1259000 +840E-03
1260000 +840E-03
1261000 +840E-03
1262000 +840E-03
1263000 +840E-03
1264000 +840E-03
1265000 +840E-03
1266000 +840E-03
1267000 +840E-03
1268000 +840E-03
1269000 +840E-03
1270000 +840E-03
1271000 +840E-03
1272000 +840E-03
1273000 +840E-03
1274000 +840E-03
1275000 +840E-03
1276000 +840E-03
1277000 +840E-03
1278000 +840E-03
1279000 +840E-03
1280000 +840E-03
1281000 +840E-03
1282000 +840E-03
1283000 +840E-03
1284000 +840E-03
1285000 +840E-03
1286000 +840E-03
1287000 +840E-03
1288000 +840E-03
1289000 +840E-03
1290000 +840E-03
1291000 +840E-03
1292000 +840E-03
1293000 +840E-03
1294000 +840E-03
1295000 +840E-03
1296000 +840E-03
1297000 +840E-03
1298000 +840E-03
1299000 +840E-03
1300000 +840E-03
1301000 +840E-03
1302000 +800E-03
1303000 +840E-03
1304000 +840E-03
1305000 +840E-03
1306000 +840E-03
1307000 +840E-03
1308000 +800E-03
1309000 +840E-03
1310000 +840E-03
1311000 +840E-03
1312000 +840E-03
1313000 +800E-03
1314000 +840E-03
1315000 +800E-03
1316000 +800E-03
1317000 +800E-03
1318000 +800E-03
1319000 +800E-03
1320000 +800E-03
1321000 +800E-03
1322000 +800E-03
1323000 +800E-03
1324000 +840E-03
1325000 +760E-03
1326000 +760E-03
1327000 +800E-03
1328000 +800E-03
1329000 +840E-03
1330000 +760E-03
1331000 +760E-03
1332000 +760E-03
1333000 +760E-03
1334000 +800E-03
1335000 +760E-03
1336000 +760E-03
1337000 +800E-03
1338000 +840E-03
1339000 +760E-03
1340000 +800E-03
1341000 +760E-03
1342000 +760E-03
1343000 +760E-03
1344000 +760E-03
1345000 +760E-03
1346000 +760E-03
1347000 +800E-03
1348000 +760E-03
1349000 +760E-03
1350000 +760E-03
1351000 +760E-03
1352000 +760E-03
1353000 +760E-03
1354000 +760E-03
1355000 +760E-03
1356000 +760E-03
1357000 +760E-03
1358000 +760E-03
1359000 +760E-03
1360000 +760E-03
1361000 +760E-03
1362000 +760E-03
1363000 +760E-03
1364000 +760E-03
1365000 +800E-03
1366000 +760E-03
1367000 +760E-03
1368000 +760E-03
1369000 +760E-03
1370000 +760E-03
1371000 +760E-03
1372000 +760E-03
1373000 +760E-03
1374000 +760E-03
1375000 +760E-03
1376000 +760E-03
1377000 +760E-03
1378000 +760E-03
1379000 +760E-03
1380000 +760E-03
1381000 +760E-03
1382000 +760E-03
1383000 +760E-03
1384000 +760E-03
1385000 +760E-03
1386000 +760E-03
1387000 +760E-03
1388000 +760E-03
1389000 +760E-03
1390000 +760E-03
1391000 +760E-03
1392000 +760E-03
1393000 +760E-03
1394000 +760E-03
1395000 +760E-03
1396000 +760E-03
1397000 +760E-03
1398000 +760E-03
1399000 +760E-03
1400000 +760E-03
1401000 +760E-03
1402000 +760E-03
1403000 +760E-03
1404000 +760E-03
1405000 +760E-03
1406000 +760E-03
1407000 +760E-03
1408000 +760E-03
1409000 +760E-03
1410000 +760E-03
1411000 +760E-03
1412000 +760E-03
1413000 +760E-03
1414000 +760E-03
1415000 +760E-03
1416000 +760E-03
1417000 +760E-03
1418000 +760E-03
1419000 +760E-03
1420000 +760E-03
1421000 +760E-03
1422000 +760E-03
1423000 +760E-03
1424000 +760E-03
1425000 +760E-03
1426000 +760E-03
1427000 +760E-03
1428000 +760E-03
1429000 +760E-03
1430000 +760E-03
1431000 +760E-03
1432000 +760E-03
1433000 +760E-03
1434000 +720E-03
1435000 +760E-03
1436000 +760E-03
1437000 +760E-03
1438000 +760E-03
1439000 +760E-03
1440000 +760E-03
1441000 +760E-03
1442000 +760E-03
1443000 +720E-03
1444000 +760E-03
1445000 +760E-03
1446000 +760E-03
1447000 +760E-03
1448000 +760E-03
1449000 +760E-03
1450000 +760E-03
1451000 +760E-03
1452000 +760E-03
1453000 +760E-03
1454000 +760E-03
1455000 +760E-03
1456000 +720E-03
1457000 +760E-03
1458000 +720E-03
1459000 +680E-03
1460000 +720E-03
1461000 +720E-03
1462000 +760E-03
1463000 +760E-03
1464000 +680E-03
1465000 +720E-03
1466000 +680E-03
1467000 +720E-03
1468000 +680E-03
1469000 +720E-03
1470000 +680E-03
1471000 +760E-03
1472000 +680E-03
1473000 +680E-03
1474000 +680E-03
1475000 +680E-03
1476000 +680E-03
1477000 +680E-03
1478000 +680E-03
1479000 +680E-03
1480000 +680E-03
1481000 +680E-03
1482000 +720E-03
1483000 +680E-03
1484000 +680E-03
1485000 +680E-03
1486000 +720E-03
1487000 +680E-03
1488000 +680E-03
1489000 +680E-03
1490000 +680E-03
1491000 +680E-03
1492000 +680E-03
1493000 +680E-03
1494000 +720E-03
1495000 +680E-03
1496000 +680E-03
1497000 +680E-03
1498000 +680E-03
1499000 +680E-03
1500000 +680E-03
1501000 +680E-03
1502000 +680E-03
1503000 +680E-03
1504000 +680E-03
1505000 +680E-03
1506000 +680E-03
1507000 +680E-03
1508000 +680E-03
1509000 +680E-03
1510000 +680E-03
1511000 +680E-03
1512000 +680E-03
1513000 +680E-03
1514000 +680E-03
1515000 +680E-03
1516000 +680E-03
1517000 +680E-03
1518000 +680E-03
1519000 +680E-03
1520000 +680E-03
1521000 +680E-03
1522000 +680E-03
1523000 +680E-03
1524000 +680E-03
1525000 +680E-03
1526000 +680E-03
1527000 +680E-03
1528000 +680E-03
1529000 +680E-03
1530000 +680E-03
1531000 +680E-03
1532000 +680E-03
1533000 +680E-03
1534000 +680E-03
1535000 +680E-03
1536000 +680E-03
1537000 +680E-03
1538000 +680E-03
1539000 +680E-03
1540000 +680E-03
1541000 +680E-03
1542000 +680E-03
1543000 +680E-03
1544000 +680E-03
1545000 +680E-03
1546000 +680E-03
1547000 +680E-03
1548000 +680E-03
1549000 +680E-03
1550000 +680E-03
1551000 +680E-03
1552000 +680E-03
1553000 +680E-03
1554000 +680E-03
1555000 +680E-03
1556000 +680E-03
1557000 +680E-03
1558000 +680E-03
1559000 +680E-03
1560000 +680E-03
1561000 +680E-03
1562000 +680E-03
1563000 +680E-03
1564000 +680E-03
1565000 +680E-03
1566000 +680E-03
1567000 +680E-03
1568000 +680E-03
1569000 +680E-03
1570000 +680E-03
1571000 +680E-03
1572000 +680E-03
1573000 +680E-03
1574000 +680E-03
1575000 +680E-03
1576000 +680E-03
1577000 +680E-03
1578000 +680E-03
1579000 +680E-03
1580000 +680E-03
1581000 +680E-03
1582000 +680E-03
1583000 +680E-03
1584000 +680E-03
1585000 +680E-03
1586000 +680E-03
1587000 +680E-03
1588000 +680E-03
1589000 +680E-03
1590000 +680E-03
1591000 +680E-03
1592000 +680E-03
1593000 +680E-03
1594000 +680E-03
1595000 +680E-03
1596000 +680E-03
1597000 +680E-03
1598000 +680E-03
1599000 +680E-03
1600000 +680E-03
1601000 +680E-03
1602000 +680E-03
1603000 +680E-03
1604000 +680E-03
1605000 +680E-03
1606000 +680E-03
1607000 +680E-03
1608000 +680E-03
1609000 +680E-03
1610000 +680E-03
1611000 +640E-03
1612000 +680E-03
1613000 +680E-03
1614000 +640E-03
1615000 +640E-03
1616000 +640E-03
1617000 +680E-03
1618000 +680E-03
1619000 +680E-03
1620000 +680E-03
1621000 +680E-03
1622000 +680E-03
1623000 +680E-03
1624000 +640E-03
1625000 +640E-03
1626000 +680E-03
1627000 +640E-03
1628000 +640E-03
1629000 +640E-03
1630000 +640E-03
1631000 +640E-03
1632000 +680E-03
1633000 +640E-03
1634000 +640E-03
1635000 +640E-03
1636000 +640E-03
1637000 +640E-03
1638000 +640E-03
1639000 +640E-03
1640000 +600E-03
1641000 +600E-03
1642000 +640E-03
1643000 +600E-03
1644000 +600E-03
1645000 +640E-03
1646000 +640E-03
1647000 +600E-03
1648000 +640E-03
1649000 +600E-03
1650000 +600E-03
1651000 +600E-03
1652000 +600E-03
1653000 +600E-03
1654000 +640E-03
1655000 +600E-03
1656000 +600E-03
1657000 +600E-03
1658000 +600E-03
1659000 +600E-03
1660000 +600E-03
1661000 +600E-03
1662000 +640E-03
1663000 +600E-03
1664000 +600E-03
1665000 +600E-03
1666000 +600E-03
1667000 +600E-03
1668000 +600E-03
1669000 +600E-03
1670000 +600E-03
1671000 +600E-03
1672000 +600E-03
1673000 +600E-03
1674000 +600E-03
1675000 +600E-03
1676000 +600E-03
1677000 +600E-03
1678000 +600E-03
1679000 +600E-03
1680000 +600E-03
1681000 +600E-03
1682000 +600E-03
1683000 +600E-03
1684000 +600E-03
1685000 +600E-03
1686000 +600E-03
1687000 +600E-03
1688000 +600E-03
1689000 +600E-03
1690000 +600E-03
1691000 +600E-03
1692000 +600E-03
1693000 +600E-03
1694000 +600E-03
1695000 +600E-03
1696000 +600E-03
1697000 +600E-03
1698000 +600E-03
1699000 +600E-03
1700000 +600E-03
1701000 +600E-03
1702000 +600E-03
1703000 +600E-03
1704000 +600E-03
1705000 +600E-03
1706000 +600E-03
1707000 +600E-03
1708000 +600E-03
1709000 +600E-03
1710000 +600E-03
1711000 +600E-03
1712000 +600E-03
1713000 +600E-03
1714000 +600E-03
1715000 +600E-03
1716000 +600E-03
1717000 +600E-03
1718000 +600E-03
1719000 +600E-03
1720000 +600E-03
1721000 +600E-03
1722000 +600E-03
1723000 +600E-03
1724000 +600E-03
1725000 +600E-03
1726000 +600E-03
1727000 +600E-03
1728000 +600E-03
1729000 +600E-03
1730000 +600E-03
1731000 +600E-03
1732000 +600E-03
1733000 +600E-03
1734000 +600E-03
1735000 +600E-03
1736000 +600E-03
1737000 +600E-03
